10000010000100000010000000000101
10000100000000000110000000001010
10000110000010000100000000000010
10001000000110000100000000000010
10001010001000001010000000000010
10001100001010001000000000000101
10001110001100001010000000000101
10100000001110010110000000001001
10100010101111000010000000000001
10000000100000000010000000000010
10101110000100000010000000000010
10000000100001011110000000000001
10100010100000101010000001100100
10100101111010000010000000000101
10101000100000000010000000010100
10000001111000000010000000000001
10011110101000000110000000000101
10000010000100000010000000001000
10000100000001000110000000010101
10000110000010000100000000000010
10000010000100000010000000001000
10000100000001000110000000010101
10000110000010000100000000000010
10000010000100000010000000001000
10000100000001000110000000010101
10000110000010000100000000000010
10000010000100000010000000001000
10000100000001000110000000010101
10000110000010000100000000000010
10000010000100000010000000001000
10000100000001000110000000010101
10000110000010000100000000000010
10000010000100000010000000001000
10000100000001000110000000010101
10000110000010000100000000000010
10000010000100000010000000001000
10000100000001000110000000010101
10000110000010000100000000000010
10000010000100000010000000001000
10000100000001000110000000010101
10000110000010000100000000000010
10000010000100000010000000001000
10000100000001000110000000010101
10000110000010000100000000000010
10000010000100000010000000001000
10000100000001000110000000010101
10000110000010000100000000000010
10000010000100000010000000001000
10000100000001000110000000010101
10000110000010000100000000000010
10000010000100000010000000001000
10000100000001000110000000010101
10000110000010000100000000000010
10000010000100000010000000001000
10000100000001000110000000010101
10000110000010000100000000000010
10000010000100000010000000001000
10000100000001000110000000010101
10000110000010000100000000000010
10000010000100000010000000001000
10000100000001000110000000010101
10000110000010000100000000000010
10000010000100000010000000001000
10000100000001000110000000010101
